# R script for Peak Model
#  -- generated by MACS
p <- c(0.017245974632739133,0.02046635318823833,0.023008757311000855,0.025763028443993592,0.029280020813815085,0.029449514421999255,0.03016986225678197,0.02961900803018342,0.0300003686485978,0.030508849473150305,0.03016986225678197,0.030678343081334474,0.0316105579263474,0.03182242493657761,0.03207666534885386,0.0327122663795445,0.03275463978159054,0.03364448122455742,0.033305494008189086,0.033898721636833676,0.034152962049109926,0.033686854626603466,0.03364448122455742,0.033898721636833676,0.03355973442046534,0.03339024081228117,0.03347498761637325,0.033941095038879716,0.034364829059340136,0.03419533545115597,0.034322455657294096,0.03406821524501784,0.033898721636833676,0.033898721636833676,0.03317837380205096,0.033941095038879716,0.033686854626603466,0.033220747204097,0.03275463978159054,0.03182242493657761,0.0316105579263474,0.031102077101794894,0.03127157070997906,0.03152581112225532,0.03275463978159054,0.03182242493657761,0.03233090576113012,0.03211903875089991,0.03296650679182075,0.034364829059340136,0.034703816275708475,0.035593657718675356,0.035975018337089736,0.03567840452276744,0.035127550296168895,0.03521229710026098,0.03500043009003077,0.03567840452276744,0.035085176894122855,0.034364829059340136,0.034534322667524306,0.03461906947161639,0.03419533545115597,0.03500043009003077,0.03500043009003077,0.035381790708445146,0.036144511945273905,0.03525467050230702,0.035805524728905566,0.036398752357550156,0.03627163215141203,0.035720777924813485,0.035381790708445146,0.035085176894122855,0.03584789813095161,0.036102138543227864,0.035975018337089736,0.036737739573918494,0.036017391739135776,0.035763151326859526,0.034958056687984726,0.036144511945273905,0.036780112975964535,0.036695366171872454,0.036398752357550156,0.035890271532997654,0.036483499161642244,0.035890271532997654,0.036102138543227864,0.036907233182102664,0.037627581016885375,0.036907233182102664,0.037458087408701206,0.037754701223023504,0.037542834212793294,0.037924194831207673,0.037542834212793294,0.03771232782097746,0.038178435243483924,0.037585207614839335,0.037966568233253714,0.038390302253714134,0.037966568233253714,0.037415714006655165,0.037627581016885375,0.03851742245985226,0.03771232782097746,0.037924194831207673,0.038390302253714134,0.038559795861898304,0.038602169263944344,0.03932251709872706,0.03995811812941769,0.04122932019079895,0.04156830740716729,0.04122932019079895,0.04186492122148958,0.04305137647877876,0.04330561689105502,0.04394121792174565,0.04381409771560752,0.04322087008696293,0.0420767882317198,0.04220390843785792,0.04203441482967375,0.0420767882317198,0.0428818828705946,0.04203441482967375,0.04139881379898312,0.04114457338670687,0.04152593400512125,0.0420767882317198,0.04309374988082481,0.04194966802558167,0.04173780101535146,0.04135644039693708,0.04110219998466083,0.04228865524195001,0.04186492122148958,0.04165305421125937,0.04122932019079895,0.04059371916010832,0.04050897235601624,0.04139881379898312,0.0417801744173975,0.04194966802558167,0.04245814885013417,0.04220390843785792,0.04292425627264064,0.04250052225218022,0.0433903636951471,0.04406833812788377,0.0444920721483442,0.04461919235448232,0.04538191359131108,0.04593276781790963,0.04605988802404775,0.0458056476117715,0.04627175503427796,0.04724634328133693,0.04720396987929089,0.04792431771407361,0.048729412352948406,0.048941279363178616,0.04906839956931674,0.04966162719796133,0.050170108022513836,0.050339601630698005,0.050170108022513836,0.050678588847066344,0.051144696269572805,0.051144696269572805,0.051017576063434676,0.051356563279803015,0.051992164310493645,0.052246404722769896,0.052161657918677815,0.052415898330954065,0.053263366371874905,0.05309387276369074,0.052331151526861984,0.053051499361644695,0.053136246165736783,0.05309387276369074,0.053136246165736783,0.05411083441279575,0.05495830245371659,0.05618713111305181,0.05606001090691368,0.05733121296829495,0.05881428203990642,0.05851766822558413,0.05834817461739996,0.05826342781330787,0.05716171936011078,0.05622950451509785,0.05512779606190076,0.05453456843325617,0.05487355564962451,0.055466783278269094,0.05572102369054535,0.05606001090691368,0.05673798533965036,0.05792444059693954,0.05915326925627476,0.05978887028696539,0.06131431276062291,0.06156855317289916,0.06216178080154375,0.06169567337903729,0.0629245020383725,0.0627126350281423,0.06317874245064876,0.0632211158526948,0.06364484987315522,0.06356010306906314,0.06389909028543148,0.06461943812021419,0.06474655832635232,0.06504317214067461,0.0643228243058919,0.06500079873862857,0.06470418492430627,0.06440757110998398,0.06385671688338543,0.06478893172839836,0.06508554554272065,0.06491605193453648,0.06461943812021419,0.06478893172839836,0.06504317214067461,0.06622962739796379,0.06652624121228608,0.06783981667571339,0.06957712615960111,0.06940763255141695,0.06915339213914069,0.06983136657187737,0.07122968883939676,0.0712720622414428,0.07169579626190321,0.07118731543735071,0.07288225151919239,0.07339073234374491,0.07241614409668594,0.0725856377048701,0.0730941185294226,0.07211953028236363,0.071483929251673,0.07292462492123844,0.07334835894169886,0.07381446636420533,0.07322123873556073,0.0730941185294226,0.07334835894169886,0.07436532059080388,0.07398395997238949,0.07610263007469159,0.07622975028082972,0.07593313646650743,0.07622975028082972,0.07724671192993474,0.07758569914630307,0.0780094331667635,0.0787297810015462,0.07894164801177642,0.07966199584655913,0.07923826182609871,0.08101794471203248,0.08131455852635477,0.08165354574272311,0.08207727976318353,0.08284000100001229,0.08288237440205833,0.08339085522661084,0.08461968388594605,0.08555189873095899,0.08699259440052441,0.08754344862712296,0.0888993974925963,0.08894177089464235,0.09017059955397758,0.09165366862558905,0.09360284511970698,0.09525540779950262,0.09550964821177887,0.0972469576956666,0.09695034388134431,0.09788255872635723,0.096653730067022,0.09733170449975868,0.09813679913863348,0.09788255872635723,0.09813679913863348,0.0998741086225212,0.10144192449822477,0.10110293728185643,0.10195040532277727,0.10343347439438874,0.10618774552738149,0.10775556140308504,0.10758606779490087,0.10868777624809796,0.10911151026855838,0.10703521356830233,0.10682334655807212,0.10767081459899296,0.10805217521740733,0.10754369439285483,0.10707758697034836,0.10720470717648649,0.10695046676421024,0.10813692202149941,0.10839116243377567,0.1101284719176634,0.1098318581033411,0.10932337727878859,0.10995897830947923,0.11046745913403173,0.11046745913403173,0.11262850263837988,0.11317935686497843,0.11309461006088634,0.1130522366588403,0.11288274305065613,0.11478954614272803,0.11470479933863593,0.11610312160615532,0.115764134389787,0.11712008325526034,0.11487429294682011,0.11500141315295824,0.11381495789566906,0.11440818552431364,0.11449293232840572,0.11347597067930072,0.11559464078160282,0.1156793875856949,0.1156793875856949,0.1154675205754647,0.1156793875856949,0.11644210882252366,0.11745907047162868,0.11885739273914807,0.11974723418211496,0.12038283521280559,0.12017096820257538,0.11932350016165452,0.12025571500666746,0.11983198098620704,0.12089131603735809,0.12186590428441706,0.12186590428441706,0.12148454366600267,0.12254387871715373,0.12326422655193645,0.12343372016012061,0.12457780201536375,0.1259337508808371,0.1276286869626788,0.1283490347974615,0.12669647211766585,0.12817954118927732,0.12851852840564565,0.1285609018076917,0.12957786345679673,0.12991685067316505,0.12962023685884275,0.13042533149771757,0.13080669211613194,0.13059482510590173,0.13284061541434194,0.13203552077546715,0.13173890696114487,0.13165416015705278,0.1311880527345463,0.13148466654886862,0.13301010902252614,0.13267112180615778,0.13275586861024988,0.1333914696409405,0.13334909623889446,0.13572200675347282,0.1375016896394066,0.1382220374741893,0.13758643644349866,0.13779830345372887,0.13779830345372887,0.13826441087623534,0.13830678427828139,0.14067969479285974,0.141950896854241,0.14029833417444537,0.14051020118467558,0.14411194035858915,