# R script for Peak Model
#  -- generated by MACS
p <- c(0.021792919680243623,0.024552721735820328,0.02731252379139703,0.030548153787590408,0.03316520746098211,0.0323087171678721,0.032403882755995435,0.03140464408070042,0.03050057099352874,0.03016749143509707,0.029358583936048725,0.03016749143509707,0.03088123334602208,0.03050057099352874,0.03140464408070042,0.03254663113818043,0.03207080319756376,0.032499048344118764,0.03297487628473544,0.03335553863722878,0.03316520746098211,0.03335553863722878,0.033260373049105445,0.03406928054815379,0.03373620098972212,0.03287971069661211,0.033260373049105445,0.03387894937190712,0.03368861819566045,0.033783783783783786,0.03421202893033879,0.034354777312523795,0.03392653216596878,0.03364103540159878,0.034116863342215455,0.03487818804720213,0.03559192995812714,0.034640274076893796,0.0350685192234488,0.03473543966501713,0.0347830224590788,0.034640274076893796,0.03511610201751047,0.03554434716406547,0.03540159878188047,0.03530643319375714,0.03454510848877046,0.035163684811572136,0.0353540159878188,0.036067757898743814,0.03568709554625048,0.03621050628092882,0.03563951275218881,0.034973353635325465,0.03563951275218881,0.03587742672249714,0.035829843928435474,0.036258089074990486,0.035734678340312145,0.03559192995812714,0.036258089074990486,0.03597259231062048,0.03730491054434716,0.03806623524933384,0.037114579368100496,0.036876665397792156,0.037447658926532165,0.03697183098591549,0.03701941377997716,0.036924248191853824,0.03644842025123715,0.0350685192234488,0.0349257708412638,0.0349257708412638,0.03511610201751047,0.0353540159878188,0.035734678340312145,0.03587742672249714,0.03554434716406547,0.036258089074990486,0.03640083745717548,0.03763799010277884,0.037780738484963834,0.037971069661210506,0.03849448039588885,0.03844689760182718,0.03839931480776551,0.03892272554244385,0.0400171298058622,0.039113056718690524,0.03977921583555386,0.0395888846593072,0.0395888846593072,0.03916063951275219,0.03892272554244385,0.03816140083745718,0.0375428245146555,0.03759040730871717,0.037114579368100496,0.03816140083745718,0.038018652455272174,0.03825656642558051,0.037685572896840505,0.0378283212790255,0.03863722877807385,0.04035020936429387,0.04044537495241721,0.04035020936429387,0.04054054054054054,0.040255043776170535,0.04039779215835554,0.041349448039588885,0.041349448039588885,0.04125428245146555,0.04063570612866387,0.0398743814236772,0.039731633041492194,0.03935097068899886,0.03925580510087552,0.0395888846593072,0.0400171298058622,0.038827559954320516,0.03930338789493719,0.039731633041492194,0.04006471259992387,0.04063570612866387,0.041872858774267226,0.042729349067377236,0.043252759802055576,0.042729349067377236,0.04282451465550057,0.043252759802055576,0.043300342596117244,0.04363342215454891,0.043823753330795585,0.04315759421393224,0.042967263037685575,0.042205938332698895,0.04173011039208222,0.042729349067377236,0.04282451465550057,0.04339550818424058,0.04320517700799391,0.04344309097830225,0.044156832889227254,0.04625047582794062,0.04625047582794062,0.04767795964979064,0.04862961553102398,0.04896269508945565,0.04877236391320899,0.04867719832508565,0.04848686714883898,0.04820137038446898,0.04815378759040731,0.04796345641416064,0.04881994670727065,0.04853444994290065,0.048248953178530646,0.04777312523791397,0.0475827940616673,0.04815378759040731,0.049914350970689,0.05100875523410735,0.05058051008755234,0.04920060905976399,0.048867529501332316,0.04905786067757899,0.050057099352874,0.051341834792539016,0.0521031594975257,0.05196041111534069,0.052150742291587365,0.05177007993909402,0.0525314046440807,0.05338789493719071,0.054387133612485726,0.05372097449562238,0.054149219642177386,0.05319756376094404,0.05376855728968405,0.05433955081842406,0.05424438523030072,0.055243623905595736,0.05571945184621241,0.05595736581652075,0.05567186905215074,0.05671869052150742,0.057242101256185764,0.057527598020555765,0.05709935287400076,0.05738484963837077,0.05786067757898744,0.0576227636086791,0.05714693566806243,0.057765511990864105,0.05686143890369243,0.0576227636086791,0.057194518462124096,0.05695660449181576,0.05728968405024743,0.05695660449181576,0.056909021697754095,0.05676627331556909,0.05790826037304911,0.05900266463646745,0.058622002283974115,0.059145413018652455,0.06019223448800914,0.06185763228016749,0.06395127521888085,0.06495051389417586,0.06547392462885421,0.06594975256947087,0.06561667301103921,0.06471259992386753,0.06694899124476589,0.06742481918538257,0.06599733536353254,0.0666634944803959,0.06647316330414922,0.0659021697754092,0.06671107727445756,0.06647316330414922,0.06675866006851923,0.06813856109630757,0.0680909783022459,0.06685382565664255,0.06837647506661591,0.06747240197944424,0.06694899124476589,0.06747240197944424,0.06790064712599923,0.06847164065473925,0.06928054815378759,0.06889988580129425,0.06851922344880092,0.0707080319756376,0.07075561476969927,0.0724685953559193,0.07356299961933764,0.074371907118386,0.07346783403121432,0.07475256947087933,0.07403882755995432,0.07460982108869432,0.07598972211648268,0.07627521888085269,0.0769889607917777,0.07675104682146935,0.07637038446897602,0.07627521888085269,0.07798819946707271,0.07660829843928435,0.07794061667301104,0.07855919299581271,0.07946326608298439,0.07874952417205938,0.07813094784925771,0.07879710696612105,0.07951084887704606,0.08112866387514275,0.0804625047582794,0.0819375713741911,0.08284164446136277,0.08403121431290446,0.08403121431290446,0.08460220784164446,0.08588694328130948,0.08650551960411115,0.08779025504377617,0.08897982489531785,0.09059763989341454,0.09197754092120289,0.09178720974495623,0.08988389798248954,0.09159687856870956,0.09269128283212791,0.09192995812714122,0.09164446136277123,0.09212028930338789,0.09164446136277123,0.09183479253901788,0.09292919680243623,0.09402360106585458,0.09668823753330795,0.09725923106204797,0.09725923106204797,0.100685192234488,0.10192234488009136,0.10292158355538637,0.10349257708412637,0.10354015987818804,0.10453939855348306,0.10606204796345642,0.10653787590407308,0.10496764370003807,0.10620479634564142,0.10568138561096307,0.1075371145793681,0.10772744575561477,0.10834602207841644,0.11024933384088313,0.10977350590026647,0.11091549295774648,0.11181956604491816,0.11343738104301485,0.11353254663113818,0.11253330795584317,0.11272363913208984,0.11310430148458317,0.11186714883897983,0.11296155310239818,0.1126284735439665,0.11220022839741149,0.11253330795584317,0.11224781119147316,0.11291397030833651,0.11329463266082984,0.11215264560334982,0.11224781119147316,0.11505519604111153,0.11595926912828321,0.1172915873620099,0.11714883897982489,0.11643509706889989,0.11762466692044157,0.1174343357441949,0.11810049486105824,0.11857632280167492,0.11781499809668823,0.11648267986296156,0.11396079177769318,0.11429387133612486,0.11534069280548154,0.11600685192234488,0.11610201751046821,0.11548344118766654,0.1180053292729349,0.11714883897982489,0.11719642177388656,0.1178625808907499,0.11900456794822992,0.1194803958888466,0.11967072706509327,0.12009897221164827,0.12024172059383327,0.12243052912066997,0.12176437000380662,0.1229539398553483,0.12571374191092502,0.12752188808526838,0.12795013323182336,0.12695089455652836,0.12742672249714504,0.1280452988199467,0.12885420631899505,0.1286162923486867,0.12904453749524172,0.13118576322801676,0.12999619337647506,0.13085268366958508,0.1314236771983251,0.13356490293110013,0.13266082984392844,0.13280357822611344,0.13204225352112675,0.13304149219642178,0.13151884278644843,0.13123334602207842,0.13232775028549676,0.13090026646364675,0.13070993528740008,0.13070993528740008,0.13123334602207842,0.13151884278644843,0.13208983631518842,0.13161400837457177,0.13342215454891512,0.13318424057860678,0.13351732013703846,0.1344689760182718,0.13408831366577845,0.1337076513132851,0.13342215454891512,0.13427864484202512,0.13546821469356682,0.13656261895698515,0.13627712219261515,0.13856109630757518,0.13827559954320517,0.13799010277883517,0.13803768557289683,0.13760944042634182,0.1383707651313285,0.13951275218880851,