# R script for Peak Model
#  -- generated by MACS
p <- c(0.01754609838575895,0.020631701380571996,0.024057243688372924,0.027273592572796695,0.030176151322154735,0.029836212009166856,0.029888510365011146,0.030071554610466157,0.029653167763711845,0.03085602994813049,0.03096062665981907,0.03085602994813049,0.030359195567609746,0.029705466119556132,0.02981006283124471,0.029417825162412543,0.029496272696178976,0.029365526806568256,0.029496272696178976,0.028554902290981777,0.028241112155916043,0.028737946536436788,0.028371858045526766,0.028476454757215344,0.028031918732538887,0.02834570886760462,0.02816266462214961,0.027796576131239585,0.027848874487083876,0.02800576955461674,0.028241112155916043,0.02792732202085031,0.02834570886760462,0.02881639407020322,0.029496272696178976,0.02981006283124471,0.02967931694163399,0.030123852966310444,0.0303330463896876,0.030542239813064757,0.03062068734683119,0.0308037315922862,0.030908328303974778,0.03062068734683119,0.030202300500076877,0.0303330463896876,0.03048994145722047,0.030280748033843313,0.0300977037883883,0.029496272696178976,0.029208631739035387,0.02829341051176033,0.02792732202085031,0.02782272530916173,0.028371858045526766,0.028711797358514642,0.028398007223448908,0.028424156401371053,0.02881639407020322,0.028947139959813944,0.029417825162412543,0.029705466119556132,0.0303330463896876,0.030594538168909047,0.030045405432544012,0.030071554610466157,0.030228449677999022,0.030411493923454033,0.030176151322154735,0.030202300500076877,0.0303330463896876,0.03062068734683119,0.0303330463896876,0.030071554610466157,0.03051609063514261,0.03043764310137618,0.030594538168909047,0.030123852966310444,0.029888510365011146,0.03062068734683119,0.03038534474553189,0.03067298570267548,0.03062068734683119,0.0310390741935855,0.030777582414364058,0.03114367090527408,0.0312744167948848,0.03203274295462699,0.03276491993644704,0.03271262158060275,0.03237268226761487,0.032503428157225595,0.03294796418190205,0.03284336747021347,0.03352324609618923,0.033366351028656364,0.03341864938450065,0.033993931298787826,0.03402008047670997,0.034360019789697854,0.03488300334814074,0.03488300334814074,0.03493530170398503,0.0353275393728172,0.034856854170218596,0.034673809924763585,0.03441231814554214,0.03451691485723072,0.03433387061177571,0.03383703623125496,0.034543064035152865,0.03451691485723072,0.03412467718839855,0.03425542307800927,0.03409852801047641,0.03412467718839855,0.0350921967715179,0.03456921321307501,0.03522294266112862,0.035353688550739344,0.03483070499229645,0.0350921967715179,0.0353275393728172,0.03574592621957151,0.036530401557235845,0.03705338511567873,0.0369749375819123,0.037471771962433044,0.036661147446846565,0.03679189333645729,0.036478103201391554,0.036347357311780834,0.03611201471048153,0.03608586553255939,0.03624276060009225,0.03645195402346941,0.03645195402346941,0.03613816388840368,0.036739594980613,0.03755021949619948,0.03804705387672022,0.038203948944253094,0.03927606523906101,0.03958985537412675,0.03977289961958176,0.040374330711791084,0.04081886673646754,0.041184955227377563,0.04189098303127546,0.04162949125205402,0.041864833853353316,0.042230922344263344,0.04238781741179621,0.042413966589718355,0.04217862398841905,0.041184955227377563,0.04081886673646754,0.04105420933776684,0.04071427002477896,0.040609673313090386,0.04165564042997616,0.04183868467543118,0.04210017645465262,0.042361668233874064,0.042910800970239096,0.043486082884526274,0.04406136479881345,0.044532050001412055,0.04505503355985495,0.04555186794037569,0.04529037616115424,0.045578017118297835,0.045447271228687115,0.045630315474142126,0.04597025478713,0.04636249245596217,0.04678087930271648,0.04693777437024935,0.0471469677936265,0.04777454806375797,0.04814063655466799,0.048245233266356574,0.04876821682479946,0.04910815613778734,0.049604990518308086,0.05007567572090669,0.050363316678050274,0.05070325599103816,0.05062480845727172,0.0500233773650624,0.04999722818714025,0.049918780653373816,0.049474244628697366,0.049788034763763096,0.05020642161051741,0.05070325599103816,0.05044176421181671,0.05075555434688244,0.051409283794936055,0.05174922310792393,0.0521414607767561,0.05318742789364188,0.05441643925598267,0.05486097528065913,0.05446873761182696,0.05486097528065913,0.05541010801702416,0.05488712445858127,0.05514861623780271,0.05585464404170062,0.05606383746507777,0.05663911937936495,0.05650837348975423,0.05650837348975423,0.056612970201442805,0.05687446198066425,0.05708365540404141,0.058103473343005044,0.05792042909755003,0.058338815944304345,0.05862645690144793,0.05849571101183721,0.0583126667663822,0.05826036841053791,0.059097142104046534,0.05980316990794443,0.05930633552742369,0.06001236333132159,0.06074454031314164,0.06105833044820737,0.06192125331963814,0.06215659592093744,0.06281032536899105,0.06341175646120037,0.06341175646120037,0.06299336961444606,0.06500685631445119,0.06524219891575049,0.06610512178718125,0.06641891192224698,0.06586977918588195,0.0663666135664027,0.06770022164043207,0.06814475766510852,0.06934761984952717,0.06992290176381435,0.06939991820537146,0.06963526080667076,0.06905997889238358,0.0696614099845929,0.07034128861056867,0.07151800161706516,0.07209328353135235,0.07238092448849594,0.07222402942096307,0.0725378195560288,0.07264241626771738,0.07293005722486097,0.07397602434174674,0.07384527845213602,0.0741852177651239,0.07449900790018964,0.07379298009629173,0.07428981447681247,0.07457745543395607,0.07460360461187822,0.07496969310278824,0.07609410775344044,0.07632945035473974,0.07711392569240408,0.07787225185214627,0.07784610267422412,0.07951965006124137,0.08137624169371363,0.08229146292098868,0.08244835798852156,0.08349432510540733,0.08490638071320314,0.08524632002619102,0.0869983149469747,0.08775664110671688,0.08793968535217189,0.08906410000282411,0.08851496726645908,0.08919484589243483,0.09078994574568565,0.0922281505314036,0.09141752601581711,0.0926988357340022,0.09183591286257142,0.09340486353790009,0.09455542736647446,0.09476462078985161,0.09565369283920452,0.09615052721972527,0.09698730091323389,0.0964120189989467,0.09719649433661104,0.0979286713184311,0.09915768268077188,0.09973296459505906,0.10046514157687911,0.10012520226389122,0.10111887102493272,0.10242632992103995,0.10300161183532712,0.10420447401974577,0.105511932915853,0.10642715414312805,0.10629640825351733,0.10525044113663155,0.1052242919587094,0.10642715414312805,0.10647945249897234,0.10613951318598445,0.10595646894052944,0.10697628687949308,0.10553808209377513,0.1052242919587094,0.10629640825351733,0.1073423753704031,0.10836219330936674,0.10844064084313318,0.10891132604573177,0.10951275713794109,0.1101664865859947,0.1104541275431383,0.11231071917561056,0.1118661831509341,0.11335668629249633,0.11482104025613643,0.1156839631275672,0.11657303517692011,0.11754055476003945,0.11869111858861381,0.11942329557043385,0.11989398077303245,0.12023392008602034,0.12243045103148047,0.12224740678602546,0.12229970514186975,0.12245660020940262,0.12300573294576765,0.12311032965745623,0.12334567225875553,0.12460083279901847,0.12528071142499422,0.12632667854188,0.1272680489470772,0.12818327017435227,0.12828786688604082,0.12875855208863943,0.12834016524188513,0.12935998318084876,0.12836631441980728,0.12813097181850797,0.1283924635977294,0.12883699962240588,0.12878470126656158,0.12922923729123803,0.12969992249383663,0.13030135358604597,0.130850486322411,0.1314257682366982,0.13330850904709257,0.13396223849514619,0.13495590725618767,0.1343806253419005,0.1353219957470977,0.1356619350600856,0.13608032190683989,0.13710013984580352,0.1384337479198329,0.13764927258216855,0.1376754217600907,0.1377800184717793,0.13893058230035363,0.140081146128928,0.140081146128928,0.1394797150367187,0.14049953297568232,0.14091791982243662,0.14214693118477742,0.14387277692763895,0.14593856198348837,0.14669688814323056,0.14787360114972706,0.1497824911380436,0.15064541400947437,0.15153448605882727,0.1519528729055816,0.15278964659909022,0.15216206632895876,0.15278964659909022,0.1519005745497373,